13800
31400
54800
55600
56400
71800
77400
107600
133200
212600
251400
299400
473000
513200
513400
571800
597400
618600
839600
907800
937400
986200
1022400
1065200
1096800
1234800
1245800
1278600
1351200
1457200
1531600
1636400
1725800
1734600
1734800
1735000
1735400
1735600
1736000
1737000
1737600
1738400
1738600
1741200
1743800
1744200
1744400
1744600
1747400
1747800
1748000
1748800
1749200
1749800
1750400
1750600
1751600
1751800
1752400
1752600
1752800
1753200
1753400
1753800
1754200
1754400
1754800
1755000
1755600
1755800
1756200
1756400
1756600
1756800
1757400
1757600
1757800
1758000
1758200
1758600
1759400
1759600
1759800
1760000
1760200
1760400
1760600
1760800
1761000
1761200
1761400
1761600
1761800
1762000
1762200
1762400
1762600
1762800
1763600
1765800
1766400
1766600
1766800
1767200
1767400
1767600
1770000
1770200
1770400
1770600
1770800
1771000
1772200
1772400
1772600
1773400
1773600
1774400
1774600
1775000
1776400
1776600
1777600
1778600
1778800
1779600
1780400
1781200
1782400
1782600
1784800
1785000
1794600
1794800
1796000
1805000
1814200
1833800
1834800
2024800
2244200
2480400
2693000
2796800
2920200
2971400
3068200
3125600
3144200
3260000
3268800
3310600
3328400
3442400
3452200
3479000
3674200
3674400
3675200
3680000
3683000
3683200
3683800
3684400
3685400
3688600
3690000
3691400
3693200
3693800
3694600
3695800
3696000
3696200
3696800
3697000
3697200
3698600
3699000
3699400
3699800
3700000
3700200
3700400
3700600
3702000
3706200
3709400
3709600
3710800
3711000
3711200
3712600
3713200
3714600
3716600
3768400
4382400
4559400
4798600
4840600
4914400
4918600
5126400
5154000
5285200
5294800
5310400
5326200
5356600
5388000
5419000
5667200
5667600
5856000
5872200
6009800
6034800
6148200
6328200
6417600
6465800
6533200
6545200
6558400
6623400
6695200
6724400
6754400
6763600
6812200
6817200
7052400
7134600
7825200
7826800
8334600
8474600
8488600
8550600
8726400
8726600
9040800
9464200
9551600
9571200
9635600
9657400
9717000
9718800
9719000
9725000
9938800
9948400
10126600
10146600
10317000
10324000
10419200
10441400
10591000
10615400
10615600
10775200
10802400
10826000
10872400
11080000
11185400
11207000
11221200
11264400
11523800
11560000
11569400
11570800
11583000
11712800
11729200
11740600
11768400
11779200
11868000
11900400
11903400
11910800
11978200
12007000
12042000
12059200
12060000
